<?xml version="1.0" encoding="utf-8"?>
<COLLADA xmlns="http://www.collada.org/2005/11/COLLADASchema" version="1.4.1">
  <asset><contributor><author>Mixamo</author><authoring_tool>COLLADA Mixamo exporter</authoring_tool><comments></comments></contributor><created>2021-04-11T04:12:29Z</created><modified>2021-04-11T04:12:29Z</modified><revision></revision><title></title><unit meter="0.010000"/><up_axis>Y_UP</up_axis></asset>
  <library_animations>
    <animation id="mixamorig_Hips-anim" name="mixamorig_Hips"><source id="mixamorig_Hips-Matrix-animation-input"><float_array id="mixamorig_Hips-Matrix-animation-input-array" count="67">

0.000000 0.033333 0.066667 0.100000 0.133333 0.166667 0.200000 0.233333 0.266667 0.300000 0.333333 0.366667 0.400000 0.433333 0.466667 0.500000
0.533333 0.566667 0.600000 0.633333 0.666667 0.700000 0.733333 0.766667 0.800000 0.833333 0.866667 0.900000 0.933333 0.966667 1.000000 1.033333
1.066667 1.100000 1.133333 1.166667 1.200000 1.233333 1.266667 1.300000 1.333333 1.366667 1.400000 1.433333 1.466667 1.500000 1.533333 1.566667
1.600000 1.633333 1.666667 1.700000 1.733333 1.766667 1.800000 1.833333 1.866667 1.900000 1.933333 1.966667 2.000000 2.033333 2.066667 2.100000
2.133333 2.166667 2.200000</float_array><technique_common><accessor source="#mixamorig_Hips-Matrix-animation-input-array" count="67"><param name="TIME" type="float"/></accessor></technique_common></source><source id="mixamorig_Hips-Matrix-animation-output-transform"><float_array id="mixamorig_Hips-Matrix-animation-output-transform-array" count="1072">

0.998548 -0.050825 -0.017853 17.038132 0.052454 0.992836 0.107352 96.280075 0.012269 -0.108132 0.994061 9.392767 0.000000 0.000000 0.000000 1.000000
0.984821 -0.134005 0.110320 16.922308 0.122011 0.986511 0.109126 96.303879 -0.123455 -0.094009 0.987887 10.114468 0.000000 0.000000 0.000000 1.000000
0.957416 -0.195382 0.212555 17.280781 0.176956 0.978846 0.102695 95.452110 -0.228124 -0.060709 0.971738 10.609962 0.000000 0.000000 0.000000 1.000000
0.933600 -0.228420 0.276071 18.114063 0.211553 0.973230 0.089829 93.898048 -0.289200 -0.025461 0.956930 10.757028 0.000000 0.000000 0.000000 1.000000
0.926739 -0.233263 0.294521 18.706985 0.220529 0.972397 0.076230 92.707008 -0.304173 -0.005695 0.952600 10.569818 0.000000 0.000000 0.000000 1.000000
0.929110 -0.227321 0.291683 18.486217 0.219057 0.973794 0.061149 92.721100 -0.297940 0.007081 0.954558 10.289687 0.000000 0.000000 0.000000 1.000000
0.944552 -0.206666 0.255168 17.814163 0.205071 0.978186 0.033141 92.890808 -0.256451 0.021024 0.966329 9.694674 0.000000 0.000000 0.000000 1.000000
0.970400 -0.163744 0.177514 16.348068 0.158016 0.986363 0.046034 94.232956 -0.182631 -0.016621 0.983041 8.683105 0.000000 0.000000 0.000000 1.000000
0.987497 -0.104297 0.118204 14.758277 0.096381 0.992821 0.070826 96.155128 -0.124742 -0.058548 0.990460 8.014456 0.000000 0.000000 0.000000 1.000000
0.995564 -0.043804 0.083269 13.304623 0.034814 0.993702 0.106507 97.617233 -0.087410 -0.103136 0.990819 7.882523 0.000000 0.000000 0.000000 1.000000
0.998391 0.022213 0.052175 11.879042 -0.028541 0.991888 0.123867 97.594971 -0.049001 -0.125157 0.990926 8.306349 0.000000 0.000000 0.000000 1.000000
0.996016 0.089167 -0.000651 10.664785 -0.088855 0.993087 0.076698 95.961311 0.007486 -0.076334 0.997054 8.739153 0.000000 0.000000 0.000000 1.000000
0.991412 0.123016 -0.044383 9.751341 -0.121727 0.992090 0.030672 94.931671 0.047805 -0.025006 0.998544 8.911208 0.000000 0.000000 0.000000 1.000000
0.986092 0.140061 -0.089469 8.743863 -0.141502 0.989888 -0.009936 94.715240 0.087172 0.022458 0.995940 8.863090 0.000000 0.000000 0.000000 1.000000
0.975626 0.160396 -0.149754 7.609182 -0.166427 0.985640 -0.028567 95.666931 0.143021 0.052794 0.988311 8.639952 0.000000 0.000000 0.000000 1.000000
0.974511 0.151610 -0.165357 6.862114 -0.160646 0.986091 -0.042636 98.545395 0.156593 0.068114 0.985312 8.480386 0.000000 0.000000 0.000000 1.000000
0.977930 0.129440 -0.164005 6.280310 -0.139220 0.989020 -0.049563 101.504356 0.155788 0.071302 0.985214 8.418368 0.000000 0.000000 0.000000 1.000000
0.981775 0.103277 -0.159538 5.737435 -0.112944 0.992201 -0.052739 103.780235 0.152847 0.069797 0.985782 8.274909 0.000000 0.000000 0.000000 1.000000
0.984969 0.079259 -0.153476 5.235767 -0.088832 0.994440 -0.056545 104.553268 0.148141 0.069328 0.986533 8.021160 0.000000 0.000000 0.000000 1.000000
0.987766 0.061055 -0.143492 4.611063 -0.070105 0.995800 -0.058881 104.456123 0.139294 0.068220 0.987898 7.816649 0.000000 0.000000 0.000000 1.000000
0.989645 0.045893 -0.136004 4.127885 -0.052820 0.997461 -0.047765 102.530754 0.133467 0.054454 0.989556 7.796281 0.000000 0.000000 0.000000 1.000000
0.990738 0.038735 -0.130144 3.812886 -0.044485 0.998145 -0.041567 100.709290 0.128292 0.046971 0.990623 7.641681 0.000000 0.000000 0.000000 1.000000
0.991969 0.025555 -0.123877 3.542784 -0.030281 0.998878 -0.036417 99.638390 0.122807 0.039875 0.991629 7.211545 0.000000 0.000000 0.000000 1.000000
0.995254 0.006097 -0.097118 3.278107 -0.010621 0.998879 -0.046140 99.059555 0.096728 0.046953 0.994203 6.864612 0.000000 0.000000 0.000000 1.000000
0.999142 0.003822 -0.041244 2.946829 -0.006214 0.998296 -0.058020 98.717133 0.040952 0.058227 0.997463 7.444145 0.000000 0.000000 0.000000 1.000000
0.999514 -0.010897 0.029217 2.343062 0.012675 0.998035 -0.061366 97.764145 -0.028491 0.061707 0.997688 8.384602 0.000000 0.000000 0.000000 1.000000
0.995118 -0.051160 0.084398 1.332530 0.054115 0.997986 -0.033098 96.366547 -0.082535 0.037503 0.995882 9.443363 0.000000 0.000000 0.000000 1.000000
0.990289 -0.087094 0.108358 0.277498 0.085611 0.996161 0.018276 94.560577 -0.109533 -0.008822 0.993944 10.343833 0.000000 0.000000 0.000000 1.000000
0.987473 -0.106374 0.116543 -0.713648 0.099936 0.993197 0.059770 92.857285 -0.122108 -0.047375 0.991385 10.866570 0.000000 0.000000 0.000000 1.000000
0.988043 -0.116660 0.100808 -2.163465 0.107018 0.989583 0.096290 92.065422 -0.110991 -0.084350 0.990235 11.107650 0.000000 0.000000 0.000000 1.000000
0.992249 -0.104206 0.067694 -4.105880 0.093884 0.985551 0.140979 93.269623 -0.081407 -0.133531 0.987695 10.957251 0.000000 0.000000 0.000000 1.000000
0.997176 -0.053459 0.052754 -5.960366 0.045517 0.988864 0.141692 95.439896 -0.059742 -0.138891 0.988504 10.779014 0.000000 0.000000 0.000000 1.000000
0.999164 0.000985 0.040871 -7.888178 -0.006782 0.989851 0.141949 97.782524 -0.040316 -0.142108 0.989030 10.551171 0.000000 0.000000 0.000000 1.000000
0.998058 0.056112 0.027059 -9.863190 -0.059227 0.989355 0.132921 99.671478 -0.019312 -0.134266 0.990757 10.690502 0.000000 0.000000 0.000000 1.000000
0.993377 0.112878 0.021468 -11.848227 -0.114393 0.989120 0.092495 100.334122 -0.010793 -0.094339 0.995482 11.353531 0.000000 0.000000 0.000000 1.000000
0.989295 0.144231 0.022183 -13.442494 -0.145538 0.986282 0.077885 99.537033 -0.010645 -0.080280 0.996716 11.941296 0.000000 0.000000 0.000000 1.000000
0.986559 0.160437 0.030995 -14.576847 -0.162372 0.983814 0.075794 97.722969 -0.018333 -0.079807 0.996642 12.094380 0.000000 0.000000 0.000000 1.000000
0.985150 0.166180 0.043174 -15.046533 -0.168844 0.983301 0.067909 96.730347 -0.031168 -0.074190 0.996757 11.954319 0.000000 0.000000 0.000000 1.000000
0.984975 0.164981 0.051053 -14.917127 -0.167713 0.984307 0.054878 96.429276 -0.041198 -0.062616 0.997187 11.865370 0.000000 0.000000 0.000000 1.000000
0.986035 0.155019 0.060857 -14.347053 -0.157677 0.986614 0.041594 96.779762 -0.053594 -0.050609 0.997279 11.507279 0.000000 0.000000 0.000000 1.000000
0.989087 0.130765 0.067880 -13.066013 -0.133118 0.990604 0.031368 97.826111 -0.063140 -0.040062 0.997200 10.912235 0.000000 0.000000 0.000000 1.000000
0.990919 0.120847 0.058956 -11.386608 -0.123006 0.991808 0.034452 99.299538 -0.054310 -0.041391 0.997666 10.425600 0.000000 0.000000 0.000000 1.000000
0.992972 0.110130 0.043339 -9.737752 -0.112057 0.992688 0.044875 99.676743 -0.038080 -0.049416 0.998052 10.478774 0.000000 0.000000 0.000000 1.000000
0.995262 0.094010 0.024797 -7.914341 -0.095558 0.992874 0.071197 99.085403 -0.017927 -0.073229 0.997154 11.177333 0.000000 0.000000 0.000000 1.000000
0.996602 0.080542 0.017219 -6.816021 -0.082008 0.989758 0.116847 97.285088 -0.007632 -0.117862 0.993001 11.598413 0.000000 0.000000 0.000000 1.000000
0.997678 0.068092 -0.001354 -5.755337 -0.066999 0.984848 0.159952 96.662369 0.012225 -0.159490 0.987124 11.345751 0.000000 0.000000 0.000000 1.000000
0.996894 0.074934 -0.024229 -4.029590 -0.068192 0.975231 0.210413 97.432014 0.039396 -0.208107 0.977312 10.968385 0.000000 0.000000 0.000000 1.000000
0.996536 0.073246 -0.039371 -2.579391 -0.062184 0.970729 0.231990 99.393761 0.055211 -0.228738 0.971921 10.808022 0.000000 0.000000 0.000000 1.000000
0.995404 0.079223 -0.053792 -1.423699 -0.064862 0.971053 0.229889 101.588966 0.070448 -0.225344 0.971729 10.544112 0.000000 0.000000 0.000000 1.000000
0.993536 0.087240 -0.072633 -0.392529 -0.069646 0.973713 0.216868 103.566071 0.089644 -0.210408 0.973495 9.944367 0.000000 0.000000 0.000000 1.000000
0.990683 0.096666 -0.095932 0.714893 -0.075671 0.976376 0.202395 104.881714 0.113230 -0.193250 0.974594 9.247277 0.000000 0.000000 0.000000 1.000000
0.987302 0.099415 -0.123898 2.050137 -0.077295 0.982050 0.172054 104.113670 0.138778 -0.160293 0.977265 9.249632 0.000000 0.000000 0.000000 1.000000
0.986078 0.095701 -0.135985 2.840165 -0.073583 0.984490 0.159266 102.193756 0.149117 -0.147042 0.977825 9.416473 0.000000 0.000000 0.000000 1.000000
0.987082 0.093189 -0.130325 3.460919 -0.072313 0.985006 0.156636 100.027039 0.142967 -0.145188 0.979020 9.708331 0.000000 0.000000 0.000000 1.000000
0.987741 0.098274 -0.121281 4.051182 -0.078392 0.984158 0.159024 98.639099 0.134988 -0.147567 0.979797 9.878057 0.000000 0.000000 0.000000 1.000000
0.989532 0.101419 -0.102671 4.999173 -0.082568 0.981348 0.173603 97.859665 0.118363 -0.163308 0.979449 9.913966 0.000000 0.000000 0.000000 1.000000
0.990059 0.100911 -0.097985 5.913236 -0.081116 0.978745 0.188358 97.768814 0.114909 -0.178537 0.977200 10.026819 0.000000 0.000000 0.000000 1.000000
0.987430 0.118494 -0.104603 6.710654 -0.099012 0.979577 0.175004 97.786156 0.123204 -0.162447 0.978995 9.963269 0.000000 0.000000 0.000000 1.000000
0.983787 0.136631 -0.116166 7.595560 -0.117616 0.980536 0.157209 97.855232 0.135384 -0.140998 0.980709 9.665292 0.000000 0.000000 0.000000 1.000000
0.977724 0.165729 -0.128804 8.817575 -0.149930 0.980890 0.124000 97.247742 0.146893 -0.101926 0.983887 9.345861 0.000000 0.000000 0.000000 1.000000
0.972496 0.183750 -0.143134 10.107773 -0.168973 0.979528 0.109426 95.987198 0.160311 -0.082230 0.983635 9.237553 0.000000 0.000000 0.000000 1.000000
0.967412 0.179386 -0.178703 11.105455 -0.161231 0.980596 0.111516 94.874954 0.195239 -0.079069 0.977563 8.987620 0.000000 0.000000 0.000000 1.000000
0.958334 0.170929 -0.228865 12.531681 -0.147265 0.982166 0.116885 93.930862 0.244763 -0.078311 0.966415 8.559609 0.000000 0.000000 0.000000 1.000000
0.954687 0.149005 -0.257623 14.562778 -0.126196 0.986643 0.103006 93.771065 0.269530 -0.065828 0.960739 8.410728 0.000000 0.000000 0.000000 1.000000
0.969619 0.099780 -0.223345 16.343664 -0.079226 0.991910 0.099189 94.720772 0.231436 -0.078481 0.969679 8.371246 0.000000 0.000000 0.000000 1.000000
0.989618 0.032983 -0.139887 17.074745 -0.018756 0.994625 0.101829 95.624283 0.142494 -0.098148 0.984917 8.725681 0.000000 0.000000 0.000000 1.000000
0.998548 -0.050825 -0.017853 17.038122 0.052454 0.992836 0.107352 96.280090 0.012269 -0.108132 0.994061 9.392767 0.000000 0.000000 0.000000 1.000000</float_array><technique_common><accessor source="#mixamorig_Hips-Matrix-animation-output-transform-array" count="67" stride="16"><param type="float4x4"/></accessor></technique_common></source><source id="mixamorig_Hips-Interpolations"><Name_array id="mixamorig_Hips-Interpolations-array" count="67">
 LINEAR LINEAR LINEAR LINEAR LINEAR LINEAR LINEAR LINEAR LINEAR LINEAR LINEAR
LINEAR LINEAR LINEAR LINEAR LINEAR LINEAR LINEAR LINEAR LINEAR LINEAR LINEAR LINEAR
LINEAR LINEAR LINEAR LINEAR LINEAR LINEAR LINEAR LINEAR LINEAR LINEAR LINEAR LINEAR
LINEAR LINEAR LINEAR LINEAR LINEAR LINEAR LINEAR LINEAR LINEAR LINEAR LINEAR LINEAR
LINEAR LINEAR LINEAR LINEAR LINEAR LINEAR LINEAR LINEAR LINEAR LINEAR LINEAR LINEAR
LINEAR LINEAR LINEAR LINEAR LINEAR LINEAR LINEAR LINEAR</Name_array><technique_common><accessor source="#mixamorig_Hips-Interpolations-array" count="67"><param type="name"/></accessor></technique_common></source><sampler id="mixamorig_Hips-Matrix-animation-transform"><input semantic="INPUT" source="#mixamorig_Hips-Matrix-animation-input"/><input semantic="OUTPUT" source="#mixamorig_Hips-Matrix-animation-output-transform"/><input semantic="INTERPOLATION" source="#mixamorig_Hips-Interpolations"/></sampler><channel source="#mixamorig_Hips-Matrix-animation-transform" target="mixamorig_Hips/matrix"/></animation>
    <animation id="mixamorig_Spine-anim" name="mixamorig_Spine"><source id="mixamorig_Spine-Matrix-animation-input"><float_array id="mixamorig_Spine-Matrix-animation-input-array" count="67">

0.000000 0.033333 0.066667 0.100000 0.133333 0.166667 0.200000 0.233333 0.266667 0.300000 0.333333 0.366667 0.400000 0.433333 0.466667 0.500000
0.533333 0.566667 0.600000 0.633333 0.666667 0.700000 0.733333 0.766667 0.800000 0.833333 0.866667 0.900000 0.933333 0.966667 1.000000 1.033333
1.066667 1.100000 1.133333 1.166667 1.200000 1.233333 1.266667 1.300000 1.333333 1.366667 1.400000 1.433333 1.466667 1.500000 1.533333 1.566667
1.600000 1.633333 1.666667 1.700000 1.733333 1.766667 1.800000 1.833333 1.866667 1.900000 1.933333 1.966667 2.000000 2.033333 2.066667 2.100000
2.133333 2.166667 2.200000</float_array><technique_common><accessor source="#mixamorig_Spine-Matrix-animation-input-array" count="67"><param name="TIME" type="float"/></accessor></technique_common></source><source id="mixamorig_Spine-Matrix-animation-output-transform"><float_array id="mixamorig_Spine-Matrix-animation-output-transform-array" count="1072">

0.994746 -0.085352 -0.056522 0.000000 0.055018 0.911356 -0.407925 10.181600 0.086329 0.402672 0.911264 0.131500 0.000000 0.000000 0.000000 1.000000
0.994216 -0.031646 -0.102636 0.000000 -0.009834 0.924771 -0.380397 10.181600 0.106952 0.379206 0.919110 0.131500 0.000000 0.000000 0.000000 1.000000
0.990140 0.009082 -0.139787 0.000000 -0.055831 0.940798 -0.334338 10.181600 0.128475 0.338845 0.932029 0.131500 0.000000 0.000000 0.000000 1.000000
0.985829 0.034053 -0.164260 -0.000000 -0.079622 0.956839 -0.279499 10.181600 0.147652 0.288617 0.945991 0.131500 0.000000 0.000000 0.000000 1.000000
0.984753 0.043776 -0.168358 0.000000 -0.085038 0.965437 -0.246373 10.181600 0.151753 0.256934 0.954440 0.131500 0.000000 0.000000 0.000000 1.000000
0.984677 0.054729 -0.165577 -0.000000 -0.094048 0.966224 -0.239929 10.181600 0.146853 0.251825 0.956566 0.131500 0.000000 0.000000 0.000000 1.000000
0.987672 0.063389 -0.143129 -0.000000 -0.096959 0.965558 -0.241449 10.181600 0.122894 0.252350 0.959800 0.131500 0.000000 0.000000 0.000000 1.000000
0.991212 0.049304 -0.122747 0.000000 -0.088186 0.937949 -0.335372 10.181600 0.098595 0.343250 0.934055 0.131500 0.000000 0.000000 0.000000 1.000000
0.994507 0.013058 -0.103856 0.000000 -0.056538 0.902014 -0.427989 10.181600 0.088091 0.431509 0.897797 0.131500 0.000000 0.000000 0.000000 1.000000
0.993958 -0.030926 -0.105311 -0.000000 -0.026044 0.865624 -0.500016 10.181600 0.106623 0.499738 0.859589 0.131500 0.000000 0.000000 0.000000 1.000000
0.991209 -0.080065 -0.105331 0.000000 0.015637 0.861427 -0.507640 10.181600 0.131379 0.501530 0.855106 0.131500 0.000000 0.000000 0.000000 1.000000
0.987445 -0.138133 -0.076622 0.000000 0.094770 0.906132 -0.412241 10.181600 0.126374 0.399804 0.907847 0.131500 0.000000 0.000000 0.000000 1.000000
0.982481 -0.177017 -0.058268 0.000000 0.148565 0.932721 -0.328572 10.181600 0.112511 0.314159 0.942680 0.131500 0.000000 0.000000 0.000000 1.000000
0.979206 -0.200418 -0.031438 0.000000 0.184434 0.944016 -0.273529 10.181600 0.084498 0.262043 0.961350 0.131500 0.000000 0.000000 0.000000 1.000000
0.975236 -0.218386 0.034953 0.000000 0.219899 0.940582 -0.258746 10.181600 0.023630 0.260024 0.965313 0.131500 0.000000 0.000000 0.000000 1.000000
0.979340 -0.191951 0.063617 0.000000 0.201941 0.944822 -0.257936 10.181600 -0.010596 0.265454 0.964065 0.131500 0.000000 0.000000 0.000000 1.000000
0.984018 -0.155727 0.086354 0.000000 0.173249 0.949325 -0.262234 10.181600 -0.041141 0.273003 0.961133 0.131500 0.000000 0.000000 0.000000 1.000000
0.986597 -0.121418 0.109015 0.000000 0.146459 0.953470 -0.263522 10.181600 -0.071947 0.275956 0.958474 0.131500 0.000000 0.000000 0.000000 1.000000
0.986385 -0.105900 0.125817 -0.000000 0.134191 0.960564 -0.243537 10.181600 -0.095064 0.257105 0.961696 0.131500 0.000000 0.000000 0.000000 1.000000
0.985781 -0.099062 0.135727 -0.000000 0.125793 0.970597 -0.205228 10.181600 -0.111405 0.219383 0.969257 0.131500 0.000000 0.000000 0.000000 1.000000
0.987859 -0.088656 0.127574 0.000000 0.111023 0.977280 -0.180550 10.181600 -0.108669 0.192522 0.975257 0.131500 0.000000 0.000000 0.000000 1.000000
0.987883 -0.091690 0.125223 -0.000000 0.114259 0.975699 -0.186967 10.181600 -0.105037 0.199010 0.974352 0.131500 0.000000 0.000000 0.000000 1.000000
0.985901 -0.092476 0.139454 -0.000000 0.121549 0.968566 -0.217038 10.181600 -0.115000 0.230928 0.966151 0.131500 0.000000 0.000000 0.000000 1.000000
0.983084 -0.104221 0.150613 -0.000000 0.136146 0.965889 -0.220279 10.181600 -0.122518 0.237058 0.963739 0.131500 0.000000 0.000000 0.000000 1.000000
0.983047 -0.129293 0.130007 0.000000 0.152188 0.970832 -0.185269 10.181600 -0.102261 0.201914 0.974050 0.131500 0.000000 0.000000 0.000000 1.000000
0.989840 -0.113372 0.085815 0.000000 0.125331 0.980710 -0.150000 10.181600 -0.067154 0.159231 0.984955 0.131500 0.000000 0.000000 0.000000 1.000000
0.998107 -0.035166 0.050448 0.000000 0.043041 0.985411 -0.164661 10.181600 -0.043922 0.166521 0.985059 0.131500 0.000000 0.000000 0.000000 1.000000
0.998745 0.045664 0.020552 0.000000 -0.040310 0.976636 -0.211084 10.181600 -0.029710 0.209991 0.977252 0.131500 0.000000 0.000000 0.000000 1.000000
0.995405 0.095408 -0.008174 -0.000000 -0.094442 0.964040 -0.248411 10.181600 -0.015821 0.248041 0.968620 0.131500 0.000000 0.000000 0.000000 1.000000
0.988709 0.148408 -0.020735 0.000000 -0.147921 0.944469 -0.293425 10.181600 -0.023963 0.293179 0.955757 0.131500 0.000000 0.000000 0.000000 1.000000
0.982654 0.183781 -0.024814 0.000000 -0.179614 0.909881 -0.373972 10.181600 -0.046151 0.371942 0.927108 0.131500 0.000000 0.000000 0.000000 1.000000
0.984456 0.173387 -0.027968 0.000000 -0.170228 0.902823 -0.394882 10.181600 -0.043217 0.393505 0.918306 0.131500 0.000000 0.000000 0.000000 1.000000
0.986738 0.160762 -0.022434 0.000000 -0.155401 0.895691 -0.416638 10.181600 -0.046886 0.414599 0.908796 0.131500 0.000000 0.000000 0.000000 1.000000
0.988048 0.153762 -0.010872 0.000000 -0.144993 0.903117 -0.404175 10.181600 -0.052328 0.400920 0.914617 0.131500 0.000000 0.000000 0.000000 1.000000
0.991846 0.127434 -0.001470 0.000000 -0.121491 0.941981 -0.312909 10.181600 -0.038490 0.310536 0.949782 0.131500 0.000000 0.000000 0.000000 1.000000
0.994920 0.100554 -0.004895 0.000000 -0.098424 0.961327 -0.257223 10.181600 -0.021159 0.256398 0.966340 0.131500 0.000000 0.000000 0.000000 1.000000
0.995588 0.092564 -0.015379 0.000000 -0.093501 0.964869 -0.245529 10.181600 -0.007888 0.245884 0.969267 0.131500 0.000000 0.000000 0.000000 1.000000
0.996107 0.085841 -0.020030 0.000000 -0.088125 0.964676 -0.248261 10.181600 -0.001988 0.249059 0.968486 0.131500 0.000000 0.000000 0.000000 1.000000
0.996694 0.078490 -0.020976 0.000000 -0.081236 0.966400 -0.243869 10.181600 0.001130 0.244766 0.969581 0.131500 0.000000 0.000000 0.000000 1.000000
0.997017 0.072981 -0.025130 0.000000 -0.076981 0.963902 -0.254887 10.181600 0.005621 0.256061 0.966644 0.131500 0.000000 0.000000 0.000000 1.000000
0.996993 0.073124 -0.025650 0.000000 -0.077432 0.953047 -0.292756 10.181600 0.003038 0.293862 0.955843 0.131500 0.000000 0.000000 0.000000 1.000000
0.998361 0.052811 -0.022050 -0.000000 -0.057167 0.938243 -0.341221 10.181600 0.002668 0.341923 0.939724 0.131500 0.000000 0.000000 0.000000 1.000000
0.998776 0.039617 -0.029618 0.000000 -0.047602 0.932581 -0.357809 10.181600 0.013446 0.358781 0.933325 0.131500 0.000000 0.000000 0.000000 1.000000
0.997886 0.037882 -0.052812 -0.000000 -0.054111 0.934348 -0.352229 10.181600 0.036001 0.354342 0.934423 0.131500 0.000000 0.000000 0.000000 1.000000
0.995210 0.051168 -0.083299 0.000000 -0.079068 0.922400 -0.378055 10.181600 0.057491 0.382831 0.922028 0.131500 0.000000 0.000000 0.000000 1.000000
0.991938 0.071302 -0.104759 0.000000 -0.110332 0.892574 -0.437193 10.181600 0.062333 0.445227 0.893246 0.131500 0.000000 0.000000 0.000000 1.000000
0.990847 0.060282 -0.120785 0.000000 -0.114803 0.846999 -0.519050 10.181600 0.071015 0.528166 0.846167 0.131500 0.000000 0.000000 0.000000 1.000000
0.990686 0.068777 -0.117520 0.000000 -0.121932 0.832256 -0.540816 10.181600 0.060611 0.550109 0.832891 0.131500 0.000000 0.000000 0.000000 1.000000
0.992766 0.049994 -0.109161 0.000000 -0.100768 0.841263 -0.531152 10.181600 0.065278 0.538309 0.840215 0.131500 0.000000 0.000000 0.000000 1.000000
0.995457 0.029554 -0.090511 0.000000 -0.071814 0.857213 -0.509929 10.181600 0.062517 0.514113 0.855441 0.131500 0.000000 0.000000 0.000000 1.000000
0.997756 0.005546 -0.066725 0.000000 -0.036647 0.879272 -0.474907 10.181600 0.056036 0.476287 0.877503 0.131500 0.000000 0.000000 0.000000 1.000000
0.998828 -0.024418 -0.041801 -0.000000 0.007479 0.930943 -0.365088 10.181600 0.047829 0.364347 0.930034 0.131500 0.000000 0.000000 0.000000 1.000000
0.999243 -0.028058 -0.026960 -0.000000 0.019312 0.959101 -0.282405 10.181600 0.033781 0.281670 0.958916 0.131500 0.000000 0.000000 0.000000 1.000000
0.998970 -0.036279 -0.027255 -0.000000 0.028847 0.971398 -0.235699 10.181600 0.035027 0.234670 0.971444 0.131500 0.000000 0.000000 0.000000 1.000000
0.998562 -0.043699 -0.031059 0.000000 0.035590 0.973578 -0.225564 10.181600 0.040095 0.224135 0.973733 0.131500 0.000000 0.000000 0.000000 1.000000
0.998202 -0.050159 -0.032816 -0.000000 0.039894 0.964562 -0.260823 10.181600 0.044735 0.259045 0.964829 0.131500 0.000000 0.000000 0.000000 1.000000
0.998140 -0.048978 -0.036300 0.000000 0.035579 0.951518 -0.305529 10.181600 0.049504 0.303670 0.951491 0.131500 0.000000 0.000000 0.000000 1.000000
0.996475 -0.079456 -0.026912 0.000000 0.066688 0.944898 -0.320500 10.181600 0.050894 0.317576 0.946866 0.131500 0.000000 0.000000 0.000000 1.000000
0.993778 -0.111269 -0.004864 -0.000000 0.102774 0.932986 -0.344928 10.181600 0.042918 0.342282 0.938617 0.131500 0.000000 0.000000 0.000000 1.000000
0.985925 -0.164262 0.031157 -0.000000 0.164785 0.923212 -0.347167 10.181600 0.028262 0.347415 0.937286 0.131500 0.000000 0.000000 0.000000 1.000000
0.975256 -0.213591 0.057053 0.000000 0.219959 0.911497 -0.347549 10.181600 0.022230 0.351499 0.935924 0.131500 0.000000 0.000000 0.000000 1.000000
0.974236 -0.207457 0.088458 -0.000000 0.225517 0.900142 -0.372675 10.181600 -0.002311 0.383023 0.923736 0.131500 0.000000 0.000000 0.000000 1.000000
0.971994 -0.200531 0.122535 -0.000000 0.233388 0.884765 -0.403387 10.181600 -0.027524 0.420688 0.906788 0.131500 0.000000 0.000000 0.000000 1.000000
0.972897 -0.203490 0.109834 -0.000000 0.230782 0.884311 -0.405875 10.181600 -0.014536 0.420222 0.907305 0.131500 0.000000 0.000000 0.000000 1.000000
0.981930 -0.181393 0.053948 0.000000 0.187282 0.890473 -0.414709 10.181600 0.027186 0.417318 0.908354 0.131500 0.000000 0.000000 0.000000 1.000000
0.990127 -0.140127 -0.003523 0.000000 0.125871 0.899890 -0.417558 10.181600 0.061681 0.412992 0.908644 0.131500 0.000000 0.000000 0.000000 1.000000
0.994746 -0.085352 -0.056522 0.000000 0.055018 0.911356 -0.407925 10.181600 0.086329 0.402672 0.911264 0.131500 0.000000 0.000000 0.000000 1.000000</float_array><technique_common><accessor source="#mixamorig_Spine-Matrix-animation-output-transform-array" count="67" stride="16"><param type="float4x4"/></accessor></technique_common></source><source id="mixamorig_Spine-Interpolations"><Name_array id="mixamorig_Spine-Interpolations-array" count="67">
 LINEAR LINEAR LINEAR LINEAR LINEAR LINEAR LINEAR LINEAR LINEAR LINEAR LINEAR
LINEAR LINEAR LINEAR LINEAR LINEAR LINEAR LINEAR LINEAR LINEAR LINEAR LINEAR LINEAR
LINEAR LINEAR LINEAR LINEAR LINEAR LINEAR LINEAR LINEAR LINEAR LINEAR LINEAR LINEAR
LINEAR LINEAR LINEAR LINEAR LINEAR LINEAR LINEAR LINEAR LINEAR LINEAR LINEAR LINEAR
LINEAR LINEAR LINEAR LINEAR LINEAR LINEAR LINEAR LINEAR LINEAR LINEAR LINEAR LINEAR
LINEAR LINEAR LINEAR LINEAR LINEAR LINEAR LINEAR LINEAR</Name_array><technique_common><accessor source="#mixamorig_Spine-Interpolations-array" count="67"><param type="name"/></accessor></technique_common></source><sampler id="mixamorig_Spine-Matrix-animation-transform"><input semantic="INPUT" source="#mixamorig_Spine-Matrix-animation-input"/><input semantic="OUTPUT" source="#mixamorig_Spine-Matrix-animation-output-transform"/><input semantic="INTERPOLATION" source="#mixamorig_Spine-Interpolations"/></sampler><channel source="#mixamorig_Spine-Matrix-animation-transform" target="mixamorig_Spine/matrix"/></animation>
    <animation id="mixamorig_Spine1-anim" name="mixamorig_Spine1"><source id="mixamorig_Spine1-Matrix-animation-input"><float_array id="mixamorig_Spine1-Matrix-animation-input-array" count="67">

0.000000 0.033333 0.066667 0.100000 0.133333 0.166667 0.200000 0.233333 0.266667 0.300000 0.333333 0.366667 0.400000 0.433333 0.466667 0.500000
0.533333 0.566667 0.600000 0.633333 0.666667 0.700000 0.733333 0.766667 0.800000 0.833333 0.866667 0.900000 0.933333 0.966667 1.000000 1.033333
1.066667 1.100000 1.133333 1.166667 1.200000 1.233333 1.266667 1.300000 1.333333 1.366667 1.400000 1.433333 1.466667 1.500000 1.533333 1.566667
1.600000 1.633333 1.666667 1.700000 1.733333 1.766667 1.800000 1.833333 1.866667 1.900000 1.933333 1.966667 2.000000 2.033333 2.066667 2.100000
2.133333 2.166667 2.200000</float_array><technique_common><accessor source="#mixamorig_Spine1-Matrix-animation-input-array" count="67"><param name="TIME" type="float"/></accessor></technique_common></source><source id="mixamorig_Spine1-Matrix-animation-output-transform"><float_array id="mixamorig_Spine1-Matrix-animation-output-transform-array" count="1072">

0.998695 0.050799 -0.005237 0.000000 -0.050696 0.998547 0.018272 10.083500 0.006157 -0.017983 0.999819 -1.000800 0.000000 0.000000 0.000000 1.000000
0.998382 0.056095 -0.009309 0.000000 -0.055874 0.998183 0.022546 10.083500 0.010557 -0.021990 0.999702 -1.000800 0.000000 0.000000 0.000000 1.000000
0.997644 0.067292 -0.013338 0.000000 -0.067111 0.997653 0.013621 10.083500 0.014223 -0.012694 0.999818 -1.000800 0.000000 0.000000 0.000000 1.000000
0.996553 0.081191 -0.017026 -0.000000 -0.081324 0.996661 -0.007273 10.083500 0.016379 0.008632 0.999829 -1.000800 0.000000 0.000000 0.000000 1.000000
0.995846 0.089124 -0.018623 0.000000 -0.089598 0.995628 -0.026412 10.083500 0.016188 0.027971 0.999478 -1.000800 0.000000 0.000000 0.000000 1.000000
0.996132 0.085888 -0.018577 -0.000000 -0.086435 0.995775 -0.031003 10.083500 0.015836 0.032489 0.999347 -1.000800 0.000000 0.000000 0.000000 1.000000
0.996821 0.078148 -0.015535 0.000000 -0.078570 0.996495 -0.028717 10.083500 0.013237 0.029846 0.999467 -1.000800 0.000000 0.000000 0.000000 1.000000
0.998168 0.059497 -0.011033 0.000000 -0.059518 0.998226 -0.001620 10.083500 0.010917 0.002274 0.999938 -1.000800 0.000000 0.000000 0.000000 1.000000
0.998702 0.050289 -0.008081 0.000000 -0.050055 0.998382 0.026966 10.083500 0.009424 -0.026527 0.999604 -1.000800 0.000000 0.000000 0.000000 1.000000
0.999014 0.043308 -0.009764 -0.000000 -0.042871 0.998229 0.041243 10.083500 0.011532 -0.040783 0.999101 -1.000800 0.000000 0.000000 0.000000 1.000000
0.999097 0.040616 -0.012465 -0.000000 -0.040274 0.998836 0.026544 10.083500 0.013529 -0.026018 0.999570 -1.000800 0.000000 0.000000 0.000000 1.000000
0.998840 0.046969 -0.010610 0.000000 -0.046992 0.998893 -0.002016 10.083500 0.010504 0.002513 0.999942 -1.000800 0.000000 0.000000 0.000000 1.000000
0.998544 0.053227 -0.008757 0.000000 -0.053404 0.998344 -0.021392 10.083500 0.007604 0.021828 0.999733 -1.000800 0.000000 0.000000 0.000000 1.000000
0.998570 0.053152 -0.005659 0.000000 -0.053268 0.998319 -0.022839 10.083500 0.004436 0.023108 0.999723 -1.000800 0.000000 0.000000 0.000000 1.000000
0.998108 0.061415 0.003024 0.000000 -0.061379 0.998056 -0.010841 10.083500 -0.003684 0.010635 0.999937 -1.000800 0.000000 0.000000 0.000000 1.000000
0.998383 0.056435 0.006849 -0.000000 -0.056425 0.998405 -0.001676 10.083500 -0.006933 0.001287 0.999975 -1.000800 0.000000 0.000000 0.000000 1.000000
0.998737 0.049226 0.010091 -0.000000 -0.049300 0.998758 0.007262 10.083500 -0.009721 -0.007750 0.999923 -1.000800 0.000000 0.000000 0.000000 1.000000
0.998983 0.042943 0.013739 0.000000 -0.043111 0.998996 0.012223 10.083500 -0.013201 -0.012803 0.999831 -1.000800 0.000000 0.000000 0.000000 1.000000
0.998912 0.043492 0.016815 0.000000 -0.043606 0.999028 0.006452 10.083500 -0.016518 -0.007178 0.999838 -1.000800 0.000000 0.000000 0.000000 1.000000
0.998922 0.042517 0.018647 -0.000000 -0.042531 0.999095 0.000357 10.083500 -0.018615 -0.001150 0.999826 -1.000800 0.000000 0.000000 0.000000 1.000000
0.999131 0.037773 0.017598 0.000000 -0.037695 0.999278 -0.004728 10.083500 -0.017763 0.004060 0.999834 -1.000800 0.000000 0.000000 0.000000 1.000000
0.999039 0.040330 0.017161 0.000000 -0.040426 0.999169 0.005241 10.083500 -0.016936 -0.005929 0.999839 -1.000800 0.000000 0.000000 0.000000 1.000000
0.998731 0.046483 0.019360 0.000000 -0.046954 0.998594 0.024610 10.083500 -0.018189 -0.025488 0.999510 -1.000800 0.000000 0.000000 0.000000 1.000000
0.997802 0.062660 0.021542 0.000000 -0.063239 0.997624 0.027329 10.083500 -0.019778 -0.028631 0.999394 -1.000800 0.000000 0.000000 0.000000 1.000000
0.996761 0.078197 0.018770 -0.000000 -0.078457 0.996826 0.013522 10.083500 -0.017653 -0.014951 0.999732 -1.000800 0.000000 0.000000 0.000000 1.000000
0.996673 0.080526 0.012553 0.000000 -0.080493 0.996750 -0.003091 10.083500 -0.012761 0.002070 0.999916 -1.000800 0.000000 0.000000 0.000000 1.000000
0.997238 0.073790 0.008407 0.000000 -0.073737 0.997256 -0.006535 10.083500 -0.008866 0.005897 0.999943 -1.000800 0.000000 0.000000 0.000000 1.000000
0.997995 0.063047 0.005490 0.000000 -0.062991 0.997966 -0.009751 10.083500 -0.006093 0.009386 0.999937 -1.000800 0.000000 0.000000 0.000000 1.000000
0.998576 0.053303 0.002361 0.000000 -0.053260 0.998461 -0.015431 10.083500 -0.003180 0.015284 0.999878 -1.000800 0.000000 0.000000 0.000000 1.000000
0.999182 0.040391 0.001779 0.000000 -0.040356 0.999049 -0.016514 10.083500 -0.002444 0.016428 0.999862 -1.000800 0.000000 0.000000 0.000000 1.000000
0.999400 0.034420 0.003882 -0.000000 -0.034398 0.999393 -0.005443 10.083500 -0.004067 0.005306 0.999978 -1.000800 0.000000 0.000000 0.000000 1.000000
0.999615 0.027487 0.003734 -0.000000 -0.027513 0.999596 0.007159 10.083500 -0.003535 -0.007259 0.999967 -1.000800 0.000000 0.000000 0.000000 1.000000
0.999836 0.017573 0.004362 0.000000 -0.017683 0.999492 0.026523 10.083500 -0.003894 -0.026596 0.999639 -1.000800 0.000000 0.000000 0.000000 1.000000
0.999990 0.001645 0.004083 0.000000 -0.001781 0.999434 0.033606 10.083500 -0.004025 -0.033613 0.999427 -1.000800 0.000000 0.000000 0.000000 1.000000
0.999954 -0.009306 0.002286 0.000000 0.009270 0.999837 0.015525 10.083500 -0.002431 -0.015503 0.999877 -1.000800 0.000000 0.000000 0.000000 1.000000
0.999879 -0.015549 0.000325 0.000000 0.015548 0.999875 0.003034 10.083500 -0.000372 -0.003028 0.999995 -1.000800 0.000000 0.000000 0.000000 1.000000
0.999703 -0.024292 -0.001806 0.000000 0.024290 0.999704 -0.001248 10.083500 0.001836 0.001204 0.999998 -1.000800 0.000000 0.000000 0.000000 1.000000
0.999614 -0.027634 -0.002787 -0.000000 0.027637 0.999618 0.000953 10.083500 0.002760 -0.001030 0.999996 -1.000800 0.000000 0.000000 0.000000 1.000000
0.999646 -0.026448 -0.003040 0.000000 0.026451 0.999650 0.000936 10.083500 0.003014 -0.001017 0.999995 -1.000800 0.000000 0.000000 0.000000 1.000000
0.999713 -0.023697 -0.003527 0.000000 0.023717 0.999703 0.005649 10.083500 0.003392 -0.005731 0.999978 -1.000800 0.000000 0.000000 0.000000 1.000000
0.999834 -0.017944 -0.003157 0.000000 0.018002 0.999655 0.019129 10.083500 0.002813 -0.019183 0.999812 -1.000800 0.000000 0.000000 0.000000 1.000000
0.999961 -0.008475 -0.002281 0.000000 0.008534 0.999601 0.026910 10.083500 0.002052 -0.026929 0.999635 -1.000800 0.000000 0.000000 0.000000 1.000000
0.999996 -0.000439 -0.002870 0.000000 0.000480 0.999898 0.014255 10.083500 0.002864 -0.014256 0.999894 -1.000800 0.000000 0.000000 0.000000 1.000000
0.999937 0.009886 -0.005329 0.000000 -0.009939 0.999899 -0.010159 10.083500 0.005228 0.010211 0.999934 -1.000800 0.000000 0.000000 0.000000 1.000000
0.999921 0.008631 -0.009139 -0.000000 -0.008779 0.999827 -0.016373 10.083500 0.008996 0.016452 0.999824 -1.000800 0.000000 0.000000 0.000000 1.000000
0.999919 0.006544 -0.010914 -0.000000 -0.006543 0.999979 0.000082 10.083500 0.010915 -0.000011 0.999940 -1.000800 0.000000 0.000000 0.000000 1.000000
0.999902 0.006902 -0.012168 0.000000 -0.006641 0.999750 0.021352 10.083500 0.012313 -0.021269 0.999698 -1.000800 0.000000 0.000000 0.000000 1.000000
0.999928 -0.001224 -0.011972 0.000000 0.001445 0.999828 0.018464 10.083500 0.011948 -0.018480 0.999758 -1.000800 0.000000 0.000000 0.000000 1.000000
0.999936 0.002194 -0.011111 -0.000000 -0.001932 0.999721 0.023549 10.083500 0.011160 -0.023526 0.999661 -1.000800 0.000000 0.000000 0.000000 1.000000
0.999926 0.008221 -0.008929 0.000000 -0.007937 0.999473 0.031473 10.083500 0.009183 -0.031400 0.999465 -1.000800 0.000000 0.000000 0.000000 1.000000
0.999814 0.018271 -0.006150 -0.000000 -0.018052 0.999256 0.034081 10.083500 0.006768 -0.033964 0.999400 -1.000800 0.000000 0.000000 0.000000 1.000000
0.999219 0.039370 -0.003291 0.000000 -0.039326 0.999148 0.012508 10.083500 0.003780 -0.012369 0.999916 -1.000800 0.000000 0.000000 0.000000 1.000000
0.998994 0.044800 -0.002097 0.000000 -0.044810 0.998983 -0.005060 10.083500 0.001868 0.005149 0.999985 -1.000800 0.000000 0.000000 0.000000 1.000000
0.998412 0.056284 -0.002403 -0.000000 -0.056318 0.998253 -0.017848 10.083500 0.001394 0.017955 0.999838 -1.000800 0.000000 0.000000 0.000000 1.000000
0.998451 0.055547 -0.003221 -0.000000 -0.055607 0.998173 -0.023647 10.083500 0.001901 0.023790 0.999715 -1.000800 0.000000 0.000000 0.000000 1.000000
0.998842 0.047999 -0.003409 0.000000 -0.048061 0.998612 -0.021547 10.083500 0.002370 0.021686 0.999762 -1.000800 0.000000 0.000000 0.000000 1.000000
0.999116 0.041891 -0.003642 -0.000000 -0.041936 0.999031 -0.013323 10.083500 0.003080 0.013464 0.999905 -1.000800 0.000000 0.000000 0.000000 1.000000
0.999077 0.042859 -0.002884 0.000000 -0.042886 0.999030 -0.009965 10.083500 0.002454 0.010080 0.999946 -1.000800 0.000000 0.000000 0.000000 1.000000
0.999119 0.041953 -0.000731 0.000000 -0.041954 0.999118 -0.001693 10.083500 0.000659 0.001722 0.999998 -1.000800 0.000000 0.000000 0.000000 1.000000
0.999200 0.039916 0.002362 -0.000000 -0.039914 0.999203 -0.000706 10.083500 -0.002388 0.000612 0.999997 -1.000800 0.000000 0.000000 0.000000 1.000000
0.998944 0.045686 0.004859 0.000000 -0.045628 0.998893 -0.011473 10.083500 -0.005378 0.011240 0.999922 -1.000800 0.000000 0.000000 0.000000 1.000000
0.999118 0.041142 0.008408 0.000000 -0.041072 0.999122 -0.008306 10.083500 -0.008742 0.007954 0.999930 -1.000800 0.000000 0.000000 0.000000 1.000000
0.999022 0.042332 0.012770 0.000000 -0.042340 0.999103 0.000386 10.083500 -0.012742 -0.000927 0.999918 -1.000800 0.000000 0.000000 0.000000 1.000000
0.998784 0.047929 0.011523 0.000000 -0.047937 0.998850 0.000424 10.083500 -0.011490 -0.000976 0.999934 -1.000800 0.000000 0.000000 0.000000 1.000000
0.998679 0.051104 0.005352 0.000000 -0.051111 0.998692 0.001277 10.083500 -0.005279 -0.001549 0.999985 -1.000800 0.000000 0.000000 0.000000 1.000000
0.998723 0.050518 -0.000510 0.000000 -0.050512 0.998689 0.008311 10.083500 0.000929 -0.008275 0.999965 -1.000800 0.000000 0.000000 0.000000 1.000000
0.998695 0.050799 -0.005237 0.000000 -0.050696 0.998547 0.018272 10.083500 0.006157 -0.017983 0.999819 -1.000800 0.000000 0.000000 0.000000 1.000000</float_array><technique_common><accessor source="#mixamorig_Spine1-Matrix-animation-output-transform-array" count="67" stride="16"><param type="float4x4"/></accessor></technique_common></source><source id="mixamorig_Spine1-Interpolations"><Name_array id="mixamorig_Spine1-Interpolations-array" count="67">
 LINEAR LINEAR LINEAR LINEAR LINEAR LINEAR LINEAR LINEAR LINEAR LINEAR LINEAR
LINEAR LINEAR LINEAR LINEAR LINEAR LINEAR LINEAR LINEAR LINEAR LINEAR LINEAR LINEAR
LINEAR LINEAR LINEAR LINEAR LINEAR LINEAR LINEAR LINEAR LINEAR LINEAR LINEAR LINEAR
LINEAR LINEAR LINEAR LINEAR LINEAR LINEAR LINEAR LINEAR LINEAR LINEAR LINEAR LINEAR
LINEAR LINEAR LINEAR LINEAR LINEAR LINEAR LINEAR LINEAR LINEAR LINEAR LINEAR LINEAR
LINEAR LINEAR LINEAR LINEAR LINEAR LINEAR LINEAR LINEAR</Name_array><technique_common><accessor source="#mixamorig_Spine1-Interpolations-array" count="67"><param type="name"/></accessor></technique_common></source><sampler id="mixamorig_Spine1-Matrix-animation-transform"><input semantic="INPUT" source="#mixamorig_Spine1-Matrix-animation-input"/><input semantic="OUTPUT" source="#mixamorig_Spine1-Matrix-animation-output-transform"/><input semantic="INTERPOLATION" source="#mixamorig_Spine1-Interpolations"/></sampler><channel source="#mixamorig_Spine1-Matrix-animation-transform" target="mixamorig_Spine1/matrix"/></animation>
    <animation id="mixamorig_Spine2-anim" name="mixamorig_Spine2"><source id="mixamorig_Spine2-Matrix-animation-input"><float_array id="mixamorig_Spine2-Matrix-animation-input-array" count="67">

0.000000 0.033333 0.066667 0.100000 0.133333 0.166667 0.200000 0.233333 0.266667 0.300000 0.333333 0.366667 0.400000 0.433333 0.466667 0.500000
0.533333 0.566667 0.600000 0.633333 0.666667 0.700000 0.733333 0.766667 0.800000 0.833333 0.866667 0.900000 0.933333 0.966667 1.000000 1.033333
1.066667 1.100000 1.133333 1.166667 1.200000 1.233333 1.266667 1.300000 1.333333 1.366667 1.400000 1.433333 1.466667 1.500000 1.533333 1.566667
1.600000 1.633333 1.666667 1.700000 1.733333 1.766667 1.800000 1.833333 1.866667 1.900000 1.933333 1.966667 2.000000 2.033333 2.066667 2.100000
2.133333 2.166667 2.200000</float_array><technique_common><accessor source="#mixamorig_Spine2-Matrix-animation-input-array" count="67"><param name="TIME" type="float"/></accessor></technique_common></source><source id="mixamorig_Spine2-Matrix-animation-output-transform"><float_array id="mixamorig_Spine2-Matrix-animation-output-transform-array" count="1072">

0.998704 0.050336 -0.007523 0.000000 -0.050189 0.998567 0.018599 9.100000 0.008448 -0.018197 0.999799 -1.373400 0.000000 0.000000 0.000000 1.000000
0.998395 0.055418 -0.011686 0.000000 -0.055138 0.998212 0.023074 9.100000 0.012944 -0.022392 0.999665 -1.373400 0.000000 0.000000 0.000000 1.000000
0.997654 0.066614 -0.015806 -0.000000 -0.066388 0.997690 0.014426 9.100000 0.016730 -0.013343 0.999771 -1.373400 0.000000 0.000000 0.000000 1.000000
0.996545 0.080738 -0.019487 -0.000000 -0.080871 0.996706 -0.006145 9.100000 0.018927 0.007699 0.999791 -1.373400 0.000000 0.000000 0.000000 1.000000
0.995815 0.088957 -0.020960 0.000000 -0.089473 0.995672 -0.025126 9.100000 0.018634 0.026896 0.999465 -1.373400 0.000000 0.000000 0.000000 1.000000
0.996097 0.085798 -0.020713 0.000000 -0.086393 0.995815 -0.029810 9.100000 0.018069 0.031484 0.999341 -1.373400 0.000000 0.000000 0.000000 1.000000
0.996797 0.078048 -0.017434 -0.000000 -0.078514 0.996525 -0.027827 9.100000 0.015201 0.029106 0.999461 -1.373400 0.000000 0.000000 0.000000 1.000000
