{"frames":[{"joints":{"10":[[[-0.070975117385387421,0.010245634242892265,0.99742567539215088,0],[0.027848202735185623,-0.99953722953796387,0.012249092571437359,0],[0.99708950519561768,0.028645893558859825,0.070656873285770416,0],[0.11220423877239227,-0.0052660573273897171,0.089376196265220642,1.0000001192092896]]],"2":[[[0.703754723072052,0.71044361591339111,-1.1502470442792401e-05,0],[-0.71044355630874634,0.70375490188598633,5.3689132073486689e-06,0],[1.1931120752706192e-05,4.250628080626484e-06,1.0000001192092896,0],[0.421100914478302,-5.1178787430217199e-08,-1.9960108232908169e-08,1.0000001192092896]]],"15":[[[0.076360069215297699,-0.08872859925031662,0.99312478303909302,0],[-0.069494776427745819,0.99313676357269287,0.094072915613651276,0],[-0.99465548992156982,-0.076200507581233978,0.06966988742351532,0],[0.11220386624336243,-0.0052660573273897171,-0.089355304837226868,1.0000001192092896]]],"3":[[[0.23939761519432068,-0.97092145681381226,-2.5841959541139659e-06,0],[0.97092139720916748,0.23939760029315948,4.780486619893054e-07,0],[1.8406537094506348e-07,-2.4871853838703828e-06,0.99999994039535522,0],[0.45730674266815186,2.7126693780132882e-08,-1.9958720898216598e-08,1]]],"11":[[[0.95700979232788086,0.24511061608791351,0.15509060025215149,0],[-0.20081840455532074,0.9457278847694397,-0.25548091530799866,0],[-0.20929455757141113,0.21335272490978241,0.95429342985153198,0],[0.14504973590373993,-1.2248737135678311e-08,-8.3264524164405884e-08,1]]],"16":[[[0.97042292356491089,0.21443389356136322,0.11089208722114563,0],[-0.21342341601848602,0.97673302888870239,-0.021043369546532631,0],[-0.11282442510128021,-0.0032460130751132965,0.99360960721969604,0],[-0.14504913985729218,4.2782929199347564e-08,1.9313386445674041e-08,1]]],"4":[[[0.92815256118774414,-0.37220001220703125,5.6452415719832061e-07,0],[0.37219998240470886,0.92815244197845459,-3.3304121416222188e-07,0],[-3.379856821084104e-07,4.0623194763611536e-07,0.99999982118606567,0],[0.20533362030982971,-0.022577842697501183,3.8237268995544582e-07,0.99999988079071045]]],"5":[[[0.1247575432062149,0.89688420295715332,-0.42430460453033447,0],[-0.083245508372783661,0.43559974431991577,0.8962828516960144,0],[0.98868906497955322,-0.076496653258800507,0.12900589406490326,0],[-0.10054002702236176,-0.024973751977086067,0.00095890177180990577,1]]],"12":[[[0.83958232402801514,-0.54323232173919678,1.5192148566711694e-05,0],[0.54323220252990723,0.83958250284194946,4.5778715502819978e-06,0],[-1.5236420949804597e-05,4.3893942347494885e-06,1.0000001192092896,0],[0.26598644256591797,-2.3237614499294068e-08,6.461021229142716e-08,1]]],"17":[[[0.85753577947616577,-0.51442444324493408,1.677684485912323e-05,0],[0.51442432403564453,0.85753560066223145,7.9007264730535098e-07,0],[-1.4766274944122415e-05,8.0089030234375969e-06,1,0],[-0.26598590612411499,-7.3052127902428765e-08,-3.7054917356726946e-08,1]]],"6":[[[0.6871720552444458,0.72649484872817993,-3.9113601815188304e-06,0],[-0.72649496793746948,0.68717199563980103,2.3387110559269786e-06,0],[4.510961844061967e-06,1.2364573649392696e-06,1,0],[-0.42109319567680359,4.8710958822084649e-08,-2.9430977654953949e-09,1]]],"13":[[[1.0000001192092896,-1.7849941968961502e-07,-2.1722575738181149e-08,0],[-1.9093008063464367e-08,-3.7015581710875267e-06,-1,0],[1.182395692467253e-07,1,-3.6777469176740851e-06,0],[0.26797035336494446,-4.4208782412624714e-08,-5.6462798880829723e-08,1]]],"7":[[[0.23939761519432068,-0.97092175483703613,1.6122181705213734e-06,0],[0.97092175483703613,0.23939764499664307,-7.1183097816174268e-07,0],[2.8403212581906701e-07,1.8365801679465221e-06,1,0],[-0.45730674266815186,-7.4639260105868743e-08,1.0233738976239692e-06,1]]],"18":[[[1,1.8503556020732503e-08,-5.2274629069870571e-09,0],[8.7098674939056764e-09,3.4451137054247738e-08,-1,0],[-1.021387916466665e-07,1,6.606959601640483e-08,0],[-0.26797065138816833,5.5331405235392594e-08,-3.3329204285337255e-08,0.99999988079071045]]],"0":[[[0.99999988079071045,-6.2139365581970196e-06,-2.6471921046322677e-06,0],[6.1884447859483771e-06,0.9999578595161438,-0.0091594001278281212,0],[2.723362058532075e-06,0.0091594001278281212,0.99995791912078857,0],[-1.5768030436902336e-08,-1.6362093901989283e-09,1.2583051045567117e-08,0.99999988079071045]]],"8":[[[0.92815256118774414,-0.37220007181167603,3.5872386661139899e-07,0],[0.37220001220703125,0.92815262079238892,2.3995128231035778e-06,0],[-1.2301284186833072e-06,-2.093137254632893e-06,1,0],[-0.20533326268196106,0.02257760614156723,-2.7623521248187899e-08,1.0000001192092896]]],"14":[[[0.99415582418441772,-0.069222614169120789,0.08284364640712738,0],[0.061957269906997681,0.99425679445266724,0.087268777191638947,0],[-0.088409110903739929,-0.081626325845718384,0.99273484945297241,0],[0.2862735390663147,0.026075167581439018,0.011668523773550987,1.0000001192092896]]],"1":[[[0.11177898943424225,-0.90959149599075317,0.40018600225448608,0],[-0.047438230365514755,-0.40713503956794739,-0.91213518381118774,0],[0.99260026216506958,0.082973554730415344,-0.088658720254898071,0],[0.10054000467061996,-0.024978520348668098,0.00095839513232931495,1]]],"9":[[[0.022463418543338776,0.99591988325119019,0.087400898337364197,0],[-0.048193745315074921,-0.086242631077766418,0.99510765075683594,0],[0.99858522415161133,-0.02656564861536026,0.046059906482696533,0],[0.0052335774526000023,0.4390118420124054,0.007526111789047718,1]]]}},{"joints":{"10":[[[-0.070695966482162476,0.0095953773707151413,0.99745184183120728,0],[0.026626519858837128,-0.99957913160324097,0.011502675712108612,0],[0.99714231491088867,0.027372175827622414,0.070411130785942078,0],[0.11220415681600571,-0.0052660549990832806,0.089376166462898254,0.99999994039535522]]],"2":[[[0.69871652126312256,0.71539855003356934,-1.1646401617326774e-05,0],[-0.71539843082427979,0.69871658086776733,5.4120973800309002e-06,0],[1.1960621122852899e-05,4.4202515709912404e-06,0.99999982118606567,0],[0.42110085487365723,4.731223057774514e-08,-6.9056042661941319e-08,1]]],"15":[[[0.07188136875629425,-0.089272379875183105,0.99340981245040894,0],[-0.077311418950557709,0.99249100685119629,0.094784393906593323,0],[-0.99441248178482056,-0.083615384995937347,0.064439475536346436,0],[0.11220385134220123,-0.0052660549990832806,-0.089355289936065674,0.99999994039535522]]],"3":[[[0.23939771950244904,-0.97092163562774658,-2.6185396109212888e-06,0],[0.97092157602310181,0.23939765989780426,5.2490537427729578e-07,0],[1.3515459329482837e-07,-2.5620381620683474e-06,1.0000001192092896,0],[0.45730674266815186,6.6926411079748505e-08,6.5056525500040152e-08,1]]],"11":[[[0.95559847354888916,0.25392410159111023,0.14951340854167938,0],[-0.21511325240135193,0.94789832830429077,-0.23497813940048218,0],[-0.20139016211032867,0.19238238036632538,0.96043264865875244,0],[0.14504973590373993,1.5901649774718862e-08,-5.8929842339239258e-08,1]]],"16":[[[0.96784055233001709,0.21330106258392334,0.13337115943431854,0],[-0.21738195419311523,0.9759446382522583,0.016652392223477364,0],[-0.12661081552505493,-0.045109312981367111,0.99092638492584229,0],[-0.14504924416542053,-4.4677161525896736e-08,-6.1939068984884216e-08,1]]],"4":[[[0.92815262079238892,-0.37220004200935364,5.6693681926844874e-07,0],[0.37219998240470886,0.92815256118774414,-2.7270763780506968e-07,0],[-3.1193599170364905e-07,4.214990667605889e-07,0.99999994039535522,0],[0.2053336501121521,-0.022577879950404167,3.7798099583596922e-07,0.99999994039535522]]],"5":[[[0.13546577095985413,0.89515584707260132,-0.42467063665390015,0],[-0.087093770503997803,0.43772104382514954,0.89488285779953003,0],[0.98694688081741333,-0.084239840507507324,0.13725869357585907,0],[-0.10053998231887817,-0.024973662570118904,0.00095896265702322125,1.0000001192092896]]],"12":[[[0.83517915010452271,-0.54997783899307251,1.5399080439237878e-05,0],[0.54997771978378296,0.83517926931381226,4.6958930397522636e-06,0],[-1.5464931493625045e-05,4.5861529542889912e-06,0.99999994039535522,0],[0.26598641276359558,-6.0664277157229662e-08,6.7555681937392364e-08,1]]],"17":[[[0.85709279775619507,-0.51516211032867432,1.6166062778211199e-05,0],[0.51516234874725342,0.85709279775619507,4.8374295147368684e-07,0],[-1.4065670256968588e-05,7.7290624176384881e-06,0.99999988079071045,0],[-0.26598581671714783,8.0179084704923298e-08,2.5526460945002327e-08,1]]],"6":[[[0.68046629428863525,0.73277950286865234,-3.9663646020926535e-06,0],[-0.73277962207794189,0.68046611547470093,2.4386517907259986e-06,0],[4.5186557144916151e-06,1.2687878552242182e-06,1,0],[-0.42109307646751404,6.8795515062447521e-08,-5.0503668802548418e-08,1]]],"13":[[[1.0000001192092896,-1.6660787593991699e-07,2.40372148851975e-08,0],[1.4090192124172063e-08,-3.6867040762444958e-06,-0.99999994039535522,0],[1.7798564044824161e-07,0.99999994039535522,-3.7008685467299074e-06,0],[0.26797035336494446,-1.2178230690551572e-07,-7.586961459082886e-08,1.0000001192092896]]],"7":[[[0.23939771950244904,-0.97092175483703613,1.6674225662427489e-06,0],[0.97092181444168091,0.2393975555896759,-7.4728905019583181e-07,0],[3.4605582754920761e-07,1.8660888372323825e-06,1,0],[-0.45730692148208618,6.4165448065978126e-08,1.0535785577303614e-06,1]]],"18":[[[1,-1.1292138424323639e-07,4.3762549140069495e-09,0],[7.4037078690025737e-09,5.0060769751780754e-08,-0.99999988079071045,0],[-6.7113305135535484e-08,0.99999994039535522,8.7655500635719363e-08,0],[-0.26797062158584595,-4.0373237197854905e-08,7.3955817470050533e-08,1.0000001192092896]]],"0":[[[0.99999988079071045,-6.2171047829906456e-06,-2.6696118311519967e-06,0],[6.1901532717456575e-06,0.999958336353302,-0.0091188987717032433,0],[2.719218628044473e-06,0.0091188978403806686,0.99995827674865723,0],[-1.8059836293105036e-08,-3.2505493408052644e-08,-4.5454484620677249e-08,0.99999982118606567]]],"8":[[[0.92815250158309937,-0.37220001220703125,4.0045208038463898e-07,0],[0.37219998240470886,0.92815262079238892,2.4050109459494706e-06,0],[-1.1994866326858755e-06,-2.1174387256905902e-06,1,0],[-0.20533333718776703,0.022577643394470215,-6.8199383917999512e-08,1]]],"14":[[[0.99274849891662598,-0.066358968615531921,0.10023663192987442,0],[0.057418704032897949,0.99432235956192017,0.089589059352874756,0],[-0.10561233013868332,-0.083183646202087402,0.99092221260070801,0],[0.2859751284122467,0.026428624987602234,0.013862903229892254,0.99999994039535522]]],"1":[[[0.10920926183462143,-0.90850383043289185,0.40335428714752197,0],[-0.041632499545812607,-0.40960589051246643,-0.91131246089935303,0],[0.99314665794372559,0.082731135189533234,-0.082556173205375671,0],[0.10054002702236176,-0.024978430941700935,0.00095848581986501813,1.0000001192092896]]],"9":[[[0.02819087915122509,0.99583566188812256,0.086701452732086182,0],[-0.042105931788682938,-0.085476256906986237,0.99545049667358398,0],[0.99871540069580078,-0.031713604927062988,0.039520513266324997,0],[0.0064994064159691334,0.43899714946746826,0.0074521736241877079,1.0000001192092896]]]}},{"joints":{"10":[[[-0.070624962449073792,0.0098749101161956787,0.99745422601699829,0],[0.027515608817338943,-0.99955105781555176,0.011843748390674591,0],[0.99712324142456055,0.028282240033149719,0.07032187283039093,0],[0.11220419406890869,-0.0052660796791315079,0.089376159012317657,1]]],"2":[[[0.68701910972595215,0.72663938999176025,-1.1832776181108784e-05,0],[-0.72663933038711548,0.6870192289352417,5.6605745157867204e-06,0],[1.2144849279138725e-05,4.6121617742755916e-06,0.99999988079071045,0],[0.42110085487365723,8.4858953641742119e-08,-5.6057970709844085e-08,1]]],"15":[[[0.069854490458965302,-0.092630207538604736,0.99324721097946167,0],[-0.074050687253475189,0.99245059490203857,0.097764112055301666,0],[-0.99480485916137695,-0.080380067229270935,0.06246749684214592,0],[0.11220388859510422,-0.0052660796791315079,-0.089355297386646271,1]]],"3":[[[0.23939763009548187,-0.97092133760452271,-2.6146949494432192e-06,0],[0.97092145681381226,0.23939765989780426,5.0351093250355916e-07,0],[1.0751143975085142e-07,-2.6363022698205896e-06,0.99999988079071045,0],[0.45730650424957275,1.040157258103136e-07,1.8450677430337237e-08,1]]],"11":[[[0.95825046300888062,0.24166049063205719,0.15282970666885376,0],[-0.20160844922065735,0.95006436109542847,-0.23818475008010864,0],[-0.20275788009166718,0.19742870330810547,0.95911985635757446,0],[0.14504976570606232,-4.8388280049493915e-08,-3.9118493333489823e-08,1.0000001192092896]]],"16":[[[0.97424602508544922,0.17176499962806702,0.14608709514141083,0],[-0.17725491523742676,0.98383897542953491,0.025333262979984283,0],[-0.13937477767467499,-0.050575569272041321,0.98894715309143066,0],[-0.14504919946193695,-3.9432919152204704e-08,3.1575337899880651e-09,0.99999988079071045]]],"4":[[[0.92815274000167847,-0.37219995260238647,5.2898963076586369e-07,0],[0.37220001220703125,0.92815250158309937,-2.9609176976919116e-07,0],[-4.0115429555953597e-07,4.6853750745867728e-07,1,0],[0.2053339034318924,-0.022577801719307899,3.7607867398037342e-07,0.99999988079071045]]],"5":[[[0.13857218623161316,0.89333128929138184,-0.42750120162963867,0],[-0.083111584186553955,0.44063279032707214,0.89383202791213989,0],[0.98685890436172485,-0.088329918682575226,0.13530553877353668,0],[-0.10053996741771698,-0.024973694235086441,0.00095890730153769255,1.0000001192092896]]],"12":[[[0.83952432870864868,-0.54332184791564941,1.578274714120198e-05,0],[0.54332143068313599,0.83952420949935913,4.7831535994191654e-06,0],[-1.5798070307937451e-05,4.6061545617703814e-06,0.99999994039535522,0],[0.26598638296127319,1.9428334496751631e-08,-6.9070793529135699e-08,0.99999988079071045]]],"17":[[[0.86085206270217896,-0.50885558128356934,1.6255047739832662e-05,0],[0.50885540246963501,0.86085200309753418,5.3424690804604325e-07,0],[-1.4140194252831861e-05,7.8030798249528743e-06,1.0000001192092896,0],[-0.2659858763217926,2.5714776086260827e-08,2.9679663171577886e-08,1.0000002384185791]]],"6":[[[0.65897279977798462,0.75216662883758545,-4.147475010540802e-06,0],[-0.75216662883758545,0.65897244215011597,2.6245706976624206e-06,0],[4.7308594730566256e-06,1.4354081940837204e-06,1,0],[-0.42109322547912598,-2.8052767220287933e-08,-4.6877442372306177e-08,1]]],"13":[[[0.99999988079071045,-8.9198586294969573e-08,8.2442177529173932e-09,0],[-4.659185393052212e-08,-3.7022173273726366e-06,-1,0],[1.0751696066790828e-07,0.99999994039535522,-3.6824965263804188e-06,0],[0.26797020435333252,-2.3006577976047993e-08,1.2464204246498412e-07,1]]],"7":[[[0.23939764499664307,-0.97092181444168091,1.6594724456808763e-06,0],[0.97092181444168091,0.23939776420593262,-7.9538506270182552e-07,0],[3.1803989486434148e-07,1.8023963548330357e-06,0.99999994039535522,0],[-0.45730659365653992,-4.2890693663366619e-08,1.0755398989203968e-06,1]]],"18":[[[0.99999994039535522,1.5432824795880151e-08,-6.9298486948810023e-09,0],[5.2589840038308466e-08,4.3447450082112482e-08,-0.9999997615814209,0],[1.6184641538075084e-07,0.99999988079071045,5.3495600838004975e-08,0],[-0.26797077059745789,-1.2228596801833191e-08,-4.4825441136708832e-08,0.9999997615814209]]],"0":[[[0.99999994039535522,-6.2159956542018335e-06,-2.6610182430886198e-06,0],[6.1883074522484094e-06,0.99995851516723633,-0.0090986629948019981,0],[2.6978073037753347e-06,0.0090986629948019981,0.99995851516723633,0],[-1.0739643840906865e-08,-3.7688465681640082e-09,-1.1117734288745851e-08,0.99999988079071045]]],"8":[[[0.92815262079238892,-0.37219995260238647,3.8329761764543946e-07,0],[0.37220001220703125,0.92815250158309937,2.4423045488219941e-06,0],[-1.180680897050479e-06,-2.1134401322342455e-06,1.0000001192092896,0],[-0.2053333967924118,0.022577447816729546,-7.5487342598989926e-08,0.99999988079071045]]],"14":[[[0.99288499355316162,-0.067301996052265167,0.098230130970478058,0],[0.058193713426589966,0.9939810037612915,0.092815093696117401,0],[-0.10388542711734772,-0.086438208818435669,0.9908258318901062,0],[0.28602200746536255,0.026307215914130211,0.013663562946021557,1]]],"1":[[[0.10520164668560028,-0.89993923902511597,0.42313399910926819,0],[-0.038936518132686615,-0.42889648675918579,-0.90251439809799194,0],[0.99368840456008911,0.078470669686794281,-0.080161280930042267,0],[0.10054002702236176,-0.024978462606668472,0.00095843046437948942,1.0000001192092896]]],"9":[[[0.028777515515685081,0.99567610025405884,0.088326744735240936,0],[-0.034386578947305679,-0.087325148284435272,0.99558663368225098,0],[0.99899435043334961,-0.031688034534454346,0.031724628061056137,0],[0.0059354943223297596,0.43898481130599976,0.0076262829825282097,1.0000001192092896]]]}},{"joints":{"10":[[[-0.06909622997045517,0.010457479394972324,0.99755513668060303,0],[0.027441821992397308,-0.99954688549041748,0.012378995306789875,0],[0.99723261594772339,0.02823026105761528,0.068777985870838165,0],[0.11220420151948929,-0.0052660251967608929,0.089376173913478851,1.0000001192092896]]],"2":[[[0.69538819789886475,0.71863436698913574,-1.1639159311016556e-05,0],[-0.71863424777984619,0.69538825750350952,5.5472046369686723e-06,0],[1.2011489161523059e-05,4.4565558710019104e-06,1,0],[0.42110076546669006,4.9315300287844366e-08,-2.5039296858153648e-08,1]]],"15":[[[0.069897927343845367,-0.093025833368301392,0.99320721626281738,0],[-0.077513799071311951,0.99212586879730225,0.098379708826541901,0],[-0.99453842639923096,-0.083864003419876099,0.062136579304933548,0],[0.11220391094684601,-0.0052660549990832806,-0.08935527503490448,1.0000001192092896]]],"3":[[[0.23939763009548187,-0.97092169523239136,-2.5650751922512427e-06,0],[0.97092157602310181,0.23939774930477142,4.6200358383430284e-07,0],[1.6577283190599701e-07,-2.5866336272883927e-06,1.0000001192092896,0],[0.4573063850402832,6.2066419559414499e-08,-1.0136033345986561e-08,1]]],"11":[[[0.95752471685409546,0.2403089851140976,0.15936869382858276,0],[-0.20097403228282928,0.95250910520553589,-0.22877001762390137,0],[-0.20677563548088074,0.18702395260334015,0.960346519947052,0],[0.14504973590373993,-1.3926001685149458e-08,-5.6805604664589282e-10,0.99999994039535522]]],"4":[[[0.92815250158309937,-0.37220001220703125,4.6704639089512057e-07,0],[0.37219995260238647,0.92815256118774414,-2.6408474695926998e-07,0],[-3.7582341860797897e-07,4.7207325337694783e-07,0.99999994039535522,0],[0.20533381402492523,-0.022577522322535515,4.2199772565254534e-07,1]]],"16":[[[0.97546142339706421,0.1639305055141449,0.14697578549385071,0],[-0.16833591461181641,0.98556572198867798,0.017969168722629547,0],[-0.14190866053104401,-0.042269516736268997,0.98897659778594971,0],[-0.14504916965961456,7.4616352208067838e-08,-1.7069736735209062e-09,1]]],"5":[[[0.1380062997341156,0.89757663011550903,-0.4187014102935791,0],[-0.091917097568511963,0.43252885341644287,0.89692270755767822,0],[0.98615723848342896,-0.085295140743255615,0.14219425618648529,0],[-0.10054004937410355,-0.02497372217476368,0.0009588729590177536,0.99999994039535522]]],"12":[[[0.84188187122344971,-0.5396619439125061,1.5200332200038247e-05,0],[0.53966158628463745,0.84188181161880493,4.5474166654457804e-06,0],[-1.5195504602161236e-05,4.4300140871200711e-06,1,0],[0.26598647236824036,-2.945283483768435e-08,-5.1195701900041968e-08,0.99999994039535522]]],"17":[[[0.86128950119018555,-0.50811457633972168,1.7553731595398858e-05,0],[0.50811421871185303,0.86128950119018555,8.6753971118014306e-07,0],[-1.5552182958344929e-05,8.1763564594439231e-06,1.0000002384185791,0],[-0.26598584651947021,-7.0285167907968571e-08,-2.5955365856589196e-08,1]]],"6":[[[0.65687841176986694,0.75399661064147949,-4.150423137616599e-06,0],[-0.75399661064147949,0.65687835216522217,2.6566744963929523e-06,0],[4.7087050916161388e-06,1.484518293182191e-06,0.99999988079071045,0],[-0.42109325528144836,9.1285130565665895e-09,6.4269540800410141e-09,1]]],"13":[[[1,-1.488204759425571e-07,2.7933852564387962e-08,0],[-2.6276099518440788e-08,-3.6778446883545257e-06,-1,0],[1.3118659580868552e-07,0.99999994039535522,-3.6909784739691531e-06,0],[0.26797017455101013,-1.2219888390063716e-07,6.2424049929177272e-08,1.0000001192092896]]],"7":[[[0.23939764499664307,-0.97092187404632568,1.6744857020967174e-06,0],[0.97092187404632568,0.239397794008255,-7.7941166409800644e-07,0],[3.0771499837101146e-07,1.7568050907357247e-06,1.0000001192092896,0],[-0.4573066234588623,-1.8287002490069426e-07,1.0699965287130908e-06,1.0000001192092896]]],"18":[[[0.99999994039535522,-4.4793381448471337e-08,-4.3308112651629926e-09,0],[-6.8559504740051125e-09,4.2960277113479606e-08,-0.99999988079071045,0],[-3.5865106440269301e-08,0.99999988079071045,4.7374712153214205e-08,0],[-0.26797077059745789,-3.9502062065821519e-08,-1.8504184851053651e-08,1]]],"0":[[[0.99999988079071045,-6.2140429690771271e-06,-2.6389523100078804e-06,0],[6.1894061218481511e-06,0.99995881319046021,-0.0090717962011694908,0],[2.7468065582070267e-06,0.0090717971324920654,0.99995869398117065,0],[-4.6585388879805123e-09,-3.3129037291246277e-08,1.3853536984242965e-08,0.99999994039535522]]],"8":[[[0.92815238237380981,-0.37219992280006409,3.9018848951855034e-07,0],[0.37219995260238647,0.92815232276916504,2.4366686375287827e-06,0],[-1.2665011581702856e-06,-2.0785168999282178e-06,0.9999997615814209,0],[-0.20533326268196106,0.022577764466404915,-6.8079472725912638e-08,0.99999994039535522]]],"14":[[[0.99356812238693237,-0.070095442235469818,0.088922686874866486,0],[0.061971690505743027,0.99391591548919678,0.091046541929244995,0],[-0.094763703644275665,-0.084950320422649384,0.99186819791793823,0],[0.28621649742126465,0.025962457060813904,0.012481103651225567,1.0000001192092896]]],"1":[[[0.10862398147583008,-0.89695769548416138,0.42856511473655701,0],[-0.045254167169332504,-0.43513098359107971,-0.89922928810119629,0],[0.99305230379104614,0.078283548355102539,-0.087856873869895935,0],[0.10053998976945877,-0.024978490546345711,0.00095836631953716278,0.99999994039535522]]],"9":[[[0.033282320946455002,0.99561965465545654,0.087373577058315277,0],[-0.030486969277262688,-0.086370132863521576,0.99579668045043945,0],[0.9989815354347229,-0.03580629825592041,0.027478614822030067,0],[0.0076811341568827629,0.43896612524986267,0.0075249206274747849,0.99999994039535522]]]}},{"joints":{"10":[[[-0.068853765726089478,0.010790181346237659,0.99756824970245361,0],[0.029361166059970856,-0.99948614835739136,0.01283744815737009,0],[0.99719446897506714,0.030173825100064278,0.068501636385917664,0],[0.11220420151948929,-0.0052660247310996056,0.089376159012317657,1]]],"2":[[[0.69762396812438965,0.71646398305892944,-1.1577526493056212e-05,0],[-0.71646392345428467,0.69762402772903442,5.4985348469926976e-06,0],[1.2004175914626103e-05,4.4848347897641361e-06,0.99999982118606567,0],[0.421100914478302,4.9240437505204682e-08,1.9031794806778635e-08,1]]],"15":[[[0.067859254777431488,-0.094763360917568207,0.99318414926528931,0],[-0.076682239770889282,0.9920385479927063,0.099893487989902496,0],[-0.99474358558654785,-0.082938380539417267,0.060052294284105301,0],[0.11220383644104004,-0.0052660247310996056,-0.089355260133743286,1]]],"3":[[[0.23939758539199829,-0.97092163562774658,-2.5831361654127249e-06,0],[0.97092151641845703,0.23939773440361023,4.7130660618677211e-07,0],[9.0940375230275095e-08,-2.638311343616806e-06,0.99999994039535522,0],[0.45730656385421753,1.3677922083843441e-07,-4.0570750314827819e-08,1]]],"11":[[[0.95738124847412109,0.23748907446861267,0.16437728703022003,0],[-0.19770972430706024,0.95374876260757446,-0.22643846273422241,0],[-0.21055124700069427,0.18428894877433777,0.96005535125732422,0],[0.14504976570606232,4.5112699353921926e-08,-2.3261957693421209e-08,1]]],"16":[[[0.97564989328384399,0.14889097213745117,0.16105429828166962,0],[-0.15493705868721008,0.98759287595748901,0.02558557502925396,0],[-0.15524670481681824,-0.049915846437215805,0.98661386966705322,0],[-0.14504921436309814,1.558195705797516e-08,3.9550382524566885e-08,0.99999994039535522]]],"4":[[[0.92815262079238892,-0.37220004200935364,5.2319501264719293e-07,0],[0.37220010161399841,0.92815256118774414,-2.818261748416262e-07,0],[-4.0341191720472125e-07,4.8385163609054871e-07,1.0000001192092896,0],[0.20533378422260284,-0.022577760741114616,4.2136534261771885e-07,1]]],"12":[[[0.8449665904045105,-0.53481906652450562,1.5286297639249824e-05,0],[0.53481930494308472,0.84496647119522095,4.5353363020694815e-06,0],[-1.5503446775255725e-05,4.4019598135491833e-06,0.99999988079071045,0],[0.26598647236824036,2.8134472529472987e-10,-5.6877503595842427e-08,1]]],"5":[[[0.13742795586585999,0.89921748638153076,-0.4153575599193573,0],[-0.09375772625207901,0.42926269769668579,0.8983004093170166,0],[0.986064612865448,-0.084508553147315979,0.14330124855041504,0],[-0.10054003447294235,-0.024973664432764053,0.00095884362235665321,1]]],"17":[[[0.85896933078765869,-0.51202744245529175,1.6484405932715163e-05,0],[0.51202744245529175,0.85896933078765869,5.5235454965441022e-07,0],[-1.4341400856210385e-05,7.9480278145638295e-06,1.0000001192092896,0],[-0.26598593592643738,-1.0413543805043446e-08,-3.2334028787772695e-08,1.0000002384185791]]],"6":[[[0.6567578911781311,0.75410115718841553,-4.2094088712474331e-06,0],[-0.75410109758377075,0.65675759315490723,2.610742740216665e-06,0],[4.7173025450319983e-06,1.5089188991623814e-06,0.99999982118606567,0],[-0.42109304666519165,9.6165813090465235e-09,3.213038723970385e-08,0.99999994039535522]]],"13":[[[1,-2.1249590531624563e-07,1.7566001986324409e-08,0],[-2.8957567010934326e-08,-3.709802058438072e-06,-0.99999994039535522,0],[1.0227969937659509e-07,1.0000001192092896,-3.7046261240902822e-06,0],[0.26797023415565491,-6.3437916253406001e-08,5.519502632722606e-09,1]]],"7":[[[0.23939765989780426,-0.97092181444168091,1.5885977973084664e-06,0],[0.97092181444168091,0.23939771950244904,-7.1854822181194322e-07,0],[2.9123899025762512e-07,1.8014960687651183e-06,1,0],[-0.45730692148208618,-1.784257364079167e-08,9.951171477950993e-07,1.0000001192092896]]],"18":[[[1,-2.1726670240695967e-08,8.3746813928087249e-09,0],[-3.3614373506907214e-08,6.1617100755029242e-08,-1,0],[1.0026710128840932e-08,0.99999982118606567,4.6873989134610383e-08,0],[-0.26797071099281311,-9.845212645132051e-08,1.2369971713610539e-08,0.99999982118606567]]],"0":[[[1,-6.2137705754139461e-06,-2.6708969471656019e-06,0],[6.1888927120890003e-06,0.99995887279510498,-0.0090731587260961533,0],[2.6823390726349317e-06,0.0090731596574187279,0.99995881319046021,0],[2.4726172220823628e-09,-3.3531328824665252e-08,4.4129201626219583e-08,0.99999994039535522]]],"8":[[[0.92815244197845459,-0.37219986319541931,3.5468485748424428e-07,0],[0.37219992280006409,0.92815256118774414,2.4262342321890173e-06,0],[-1.1976246696576709e-06,-2.1208363705227384e-06,0.99999982118606567,0],[-0.20533326268196106,0.022577526047825813,-6.6590430947144341e-08,0.99999994039535522]]],"14":[[[0.99411487579345703,-0.070670172572135925,0.082106150686740875,0],[0.063069663941860199,0.99378401041030884,0.091739282011985779,0],[-0.088079236447811127,-0.086021117866039276,0.99239265918731689,0],[0.28631258010864258,0.025889679789543152,0.011645795777440071,1]]],"1":[[[0.10902800410985947,-0.89628356695175171,0.42987072467803955,0],[-0.04306323453783989,-0.436301589012146,-0.8987695574760437,0],[0.99310559034347534,0.079479500651359558,-0.086165986955165863,0],[0.10053996741771698,-0.024978432804346085,0.00095836678519845009,1]]],"9":[[[0.031906586140394211,0.99564617872238159,0.08758118748664856,0],[-0.02832193486392498,-0.086690112948417664,0.99583286046981812,0],[0.99908953905105591,-0.034254122525453568,0.025432614609599113,0],[0.0069483541883528233,0.43897545337677002,0.0075470344163477421,1]]]}},{"joints":{"10":[[[-0.066847756505012512,0.011149298399686813,0.99770075082778931,0],[0.030033586546778679,-0.99946200847625732,0.013181263580918312,0],[0.99731117486953735,0.030845753848552704,0.066477023065090179,0],[0.11220414191484451,-0.0052660303190350533,0.089376159012317657,1]]],"2":[[[0.69539958238601685,0.71862274408340454,-1.1676027497742325e-05,0],[-0.71862274408340454,0.69539976119995117,5.4490888032887597e-06,0],[1.2055275874445215e-05,4.4007138058077544e-06,0.99999994039535522,0],[0.42110082507133484,-1.0541707951006174e-07,7.484810993219071e-09,1]]],"15":[[[0.066985540091991425,-0.09241107851266861,0.99346506595611572,0],[-0.079112008213996887,0.99207496643066406,0.097616001963615417,0],[-0.99461275339126587,-0.085133999586105347,0.059143785387277603,0],[0.11220384389162064,-0.0052660303190350533,-0.089355282485485077,1]]],"3":[[[0.23939765989780426,-0.97092151641845703,-2.61553918790014e-06,0],[0.97092145681381226,0.23939773440361023,5.3489816309593152e-07,0],[1.6778940903350303e-07,-2.5656038360466482e-06,1,0],[0.4573066234588623,1.2913972113892669e-07,-7.4149468787254591e-09,1]]],"11":[[[0.95674711465835571,0.23697616159915924,0.16875438392162323,0],[-0.19544430077075958,0.95323508977890015,-0.23053199052810669,0],[-0.21549306809902191,0.1875787079334259,0.95831972360610962,0],[0.14504978060722351,-3.8950112468683074e-08,3.0668285688761898e-08,1]]],"16":[[[0.97427213191986084,0.15607334673404694,0.1625877171754837,0],[-0.15905673801898956,0.98725438117980957,0.0054149441421031952,0],[-0.15967030823230743,-0.031136257573962212,0.98667925596237183,0],[-0.14504921436309814,3.9652711336657376e-08,-8.1305060462000256e-08,1]]],"4":[[[0.92815262079238892,-0.37219998240470886,5.4258822501651593e-07,0],[0.3722001314163208,0.92815268039703369,-3.1593336302648822e-07,0],[-3.833605717318278e-07,4.9211234909307677e-07,0.99999994039535522,0],[0.20533379912376404,-0.022577840834856033,3.6511414691631217e-07,1]]],"5":[[[0.13434873521327972,0.89836043119430542,-0.41820931434631348,0],[-0.09410104900598526,0.43169423937797546,0.89709824323654175,0],[0.98645621538162231,-0.081170037388801575,0.14253421127796173,0],[-0.10053999722003937,-0.024973751977086067,0.00095883855829015374,0.99999988079071045]]],"12":[[[0.84622812271118164,-0.53282028436660767,1.5707779311924241e-05,0],[0.53282022476196289,0.84622818231582642,4.6519385250576306e-06,0],[-1.582927507115528e-05,4.4385092223819811e-06,1.0000001192092896,0],[0.26598653197288513,-1.8974134263771703e-08,1.6844063921439556e-08,1]]],"17":[[[0.86201661825180054,-0.50688016414642334,1.7410699001629837e-05,0],[0.50688022375106812,0.86201673746109009,7.9368714978045318e-07,0],[-1.5427274774992839e-05,8.0649870142224245e-06,1,0],[-0.26598590612411499,-4.715030854640645e-08,4.5073992538391394e-08,1]]],"6":[[[0.65096575021743774,0.75910717248916626,-4.215657554595964e-06,0],[-0.75910711288452148,0.65096563100814819,2.6841794351639692e-06,0],[4.7855432967480738e-06,1.4934461205484695e-06,1,0],[-0.4210931658744812,-7.3692014268544881e-08,-1.7701704990713552e-08,1]]],"13":[[[0.99999982118606567,-1.0309660325447112e-07,6.6111107699384775e-09,0],[-6.1906821891000163e-09,-3.6988060401199618e-06,-0.99999988079071045,0],[9.5356014639946807e-08,0.99999970197677612,-3.6995970731368288e-06,0],[0.26797008514404297,-1.0159730834402581e-07,-1.7615958469718862e-08,1]]],"7":[[[0.23939765989780426,-0.97092169523239136,1.6388294170610607e-06,0],[0.97092163562774658,0.23939760029315948,-7.3151670676452341e-07,0],[3.0919511573301861e-07,1.7587191223356058e-06,1,0],[-0.45730656385421753,4.7989836104989081e-08,9.6577446129231248e-07,1]]],"18":[[[1.0000001192092896,-1.3032511958499526e-08,-8.037236653990476e-09,0],[3.8804315316554039e-09,3.3723129178042655e-08,-1,0],[3.6057308250292408e-08,1,3.5591252611766322e-08,0],[-0.26797065138816833,-6.6334166604065103e-08,-3.6881989018411332e-08,1.0000001192092896]]],"0":[[[0.99999994039535522,-6.2148928918759339e-06,-2.670291678441572e-06,0],[6.1908240240882151e-06,0.99995899200439453,-0.0090637337416410446,0],[2.7001715352525935e-06,0.0090637318789958954,0.99995893239974976,0],[3.7412455355934071e-09,5.6941210857530677e-08,8.9993115182096517e-09,1.0000001192092896]]],"8":[[[0.92815262079238892,-0.37219995260238647,3.8558522419407382e-07,0],[0.37219998240470886,0.92815262079238892,2.3860400233388646e-06,0],[-1.2933567177242367e-06,-2.0465483885345748e-06,0.99999994039535522,0],[-0.20533344149589539,0.02257748506963253,4.6496033689891192e-09,1]]],"14":[[[0.9943738579750061,-0.071722835302352905,0.077945783734321594,0],[0.064778409898281097,0.99399000406265259,0.088242657482624054,0],[-0.083806134760379791,-0.082696788012981415,0.99304425716400146,0],[0.28639009594917297,0.025763193145394325,0.011075574904680252,1]]],"1":[[[0.11414578557014465,-0.89204502105712891,0.43729531764984131,0],[-0.046162482351064682,-0.44445937871932983,-0.89460927248001099,0],[0.99239110946655273,0.081929244101047516,-0.091912269592285156,0],[0.10054001212120056,-0.024978579953312874,0.00095833191880956292,0.99999988079071045]]],"9":[[[0.032851509749889374,0.99559646844863892,0.087803736329078674,0],[-0.028331678360700607,-0.08688826858997345,0.99581557512283325,0],[0.99905920028686523,-0.035201728343963623,0.025352448225021362,0],[0.007017623633146286,0.43897038698196411,0.0075710499659180641,0.99999988079071045]]]}},{"joints":{"10":[[[-0.063234284520149231,0.012202529236674309,0.9979240894317627,0],[0.033899847418069839,-0.99932187795639038,0.014367640018463135,0],[0.99742251634597778,0.034738104790449142,0.06277783215045929,0],[0.11220423132181168,-0.0052660307846963406,0.08937612920999527,1]]],"2":[[[0.70261573791503906,0.71156960725784302,-1.1530033589224331e-05,0],[-0.71156948804855347,0.70261573791503906,5.3698468036600389e-06,0],[1.1859088772325777e-05,4.3581626414379571e-06,1,0],[0.42110088467597961,1.3978436186334875e-08,-8.6893745532279354e-09,1]]],"15":[[[0.0670146644115448,-0.090706683695316315,0.99362033605575562,0],[-0.081693187355995178,0.99201661348342896,0.096070148050785065,0],[-0.99440217018127441,-0.087610319256782532,0.059069503098726273,0],[0.1122039332985878,-0.0052660605870187283,-0.089355312287807465,1]]],"3":[[[0.23939758539199829,-0.97092163562774658,-2.5700276182760717e-06,0],[0.97092157602310181,0.23939768970012665,4.8923760687102913e-07,0],[1.5033241140827158e-07,-2.6527204681769945e-06,1,0],[0.45730650424957275,5.6150025073975485e-08,-3.8490320264372713e-08,1]]],"11":[[[0.95451587438583374,0.24495315551757812,0.16999410092830658,0],[-0.20642955601215363,0.95431685447692871,-0.2160235196352005,0],[-0.2151438444852829,0.17110592126846313,0.96147584915161133,0],[0.1450497955083847,2.0835702940757983e-08,-6.6691484335024143e-08,1]]],"16":[[[0.97398257255554199,0.16067138314247131,0.15982195734977722,0],[-0.15801215171813965,0.98700255155563354,-0.029295723885297775,0],[-0.1624516099691391,0.0032797583844512701,0.98671096563339233,0],[-0.14504925906658173,9.5898506913272286e-09,-2.5517225665794285e-08,1]]],"4":[[[0.92815250158309937,-0.37219998240470886,6.0096658671682235e-07,0],[0.37220004200935364,0.92815244197845459,-3.114818127869512e-07,0],[-3.7029136024102627e-07,4.8370804961450631e-07,0.99999994039535522,0],[0.20533375442028046,-0.022577719762921333,4.0854456528904848e-07,1]]],"5":[[[0.13325664401054382,0.90021127462387085,-0.4145626425743103,0],[-0.091952294111251831,0.42771872878074646,0.89922261238098145,0],[0.98680669069290161,-0.081707410514354706,0.13977287709712982,0],[-0.10053995996713638,-0.024973692372441292,0.00095889804651960731,0.99999988079071045]]],"12":[[[0.84290266036987305,-0.53806579113006592,1.5759394955239259e-05,0],[0.53806555271148682,0.84290283918380737,4.7219464249792509e-06,0],[-1.5712888853158802e-05,4.5142242015572265e-06,1.0000001192092896,0],[0.26598638296127319,-1.8952317049070189e-08,5.6260698322319058e-09,1.0000001192092896]]],"17":[[[0.86444973945617676,-0.50271850824356079,1.6497699107276276e-05,0],[0.50271868705749512,0.86444979906082153,5.65622542580968e-07,0],[-1.4638440916314721e-05,7.7788390626665205e-06,1,0],[-0.2659858763217926,-1.7613473346500541e-08,-3.4781312052700741e-08,1.0000001192092896]]],"6":[[[0.65078771114349365,0.75925999879837036,-4.2050010051752906e-06,0],[-0.75925999879837036,0.65078771114349365,2.6985899239662103e-06,0],[4.8136953409994021e-06,1.4514131407850073e-06,1.0000001192092896,0],[-0.4210931658744812,-7.3507663955751923e-08,-6.5151908756888588e-08,1.0000001192092896]]],"13":[[[0.99999988079071045,-9.6743761446305143e-08,2.390884823455508e-08,0],[-2.2682465683487862e-08,-3.6725220979860751e-06,-0.99999994039535522,0],[1.4899516997957107e-07,1,-3.692186510306783e-06,0],[0.26797023415565491,7.7239171503151738e-08,9.2237989690602262e-08,0.99999988079071045]]],"7":[[[0.23939771950244904,-0.97092181444168091,1.6860878986335592e-06,0],[0.97092187404632568,0.23939763009548187,-7.1481179020338459e-07,0],[3.236774261949904e-07,1.7910788301378489e-06,1.0000001192092896,0],[-0.45730674266815186,9.3029235870289995e-08,9.85379415396892e-07,0.99999988079071045]]],"18":[[[1.0000001192092896,2.6702124955590989e-08,4.1975489750711859e-09,0],[-1.3427178480185376e-08,5.8628604193700085e-08,-1,0],[-1.6469115848849469e-08,0.99999994039535522,8.7721033992238517e-08,0],[-0.26797080039978027,-6.7052610575046856e-08,-3.8506222210799024e-08,1]]],"0":[[[1,-6.2134736253938172e-06,-2.6732618607638869e-06,0],[6.1888063100923318e-06,0.99995869398117065,-0.0090972185134887695,0],[2.7357393719285028e-06,0.0090972166508436203,0.99995863437652588,0],[-4.750931204000608e-09,5.7090730365416675e-08,8.8621092686480551e-09,1.0000001192092896]]],"8":[[[0.92815256118774414,-0.37219998240470886,3.7133199271011108e-07,0],[0.37219980359077454,0.92815244197845459,2.4094447326206136e-06,0],[-1.2422534609868308e-06,-2.100563278872869e-06,0.99999988079071045,0],[-0.20533323287963867,0.022577723488211632,-1.4860921382364722e-08,1]]],"14":[[[0.99540621042251587,-0.074306055903434753,0.060373801738023758,0],[0.069155186414718628,0.99411869049072266,0.083340376615524292,0],[-0.066211335361003876,-0.078782409429550171,0.99469071626663208,0],[0.28663334250450134,0.025446930900216103,0.0088192028924822807,1]]],"1":[[[0.11710738390684128,-0.89134925603866577,0.43792995810508728,0],[-0.0439748615026474,-0.44518581032752991,-0.89435791969299316,0],[0.99214518070220947,0.085478045046329498,-0.091331690549850464,0],[0.10054002702236176,-0.024978460744023323,0.00095839140703901649,0.99999988079071045]]],"9":[[[0.033313106745481491,0.99569898843765259,0.086461447179317474,0],[-0.028871547430753708,-0.085514701902866364,0.99591946601867676,0],[0.99902868270874023,-0.035673458129167557,0.025898532941937447,0],[0.0089716864749789238,0.4389568567276001,0.0074265981093049049,0.99999988079071045]]]}},{"joints":{"10":[[[-0.059620499610900879,0.013282216154038906,0.99813288450241089,0],[0.039346426725387573,-0.9991031289100647,0.015645254403352737,0],[0.99744534492492676,0.040205847471952438,0.059044588357210159,0],[0.1122041791677475,-0.005266040563583374,0.089376151561737061,1.0000001192092896]]],"2":[[[0.6931871771812439,0.72075730562210083,-1.1737973181880079e-05,0],[-0.72075724601745605,0.69318747520446777,5.5679302022326738e-06,0],[1.2017836525046732e-05,4.5549645619757939e-06,0.99999982118606567,0],[0.42110082507133484,0,1.4901161193847656e-08,0.99999988079071045]]],"15":[[[0.066664978861808777,-0.089049667119979858,0.99379384517669678,0],[-0.081877708435058594,0.99216198921203613,0.094395987689495087,0],[-0.99441039562225342,-0.087662629783153534,0.058851148933172226,0],[0.11220385134220123,-0.005266040563583374,-0.089355297386646271,1.0000001192092896]]],"3":[[[0.23939773440361023,-0.97092187404632568,-2.6272916784364497e-06,0],[0.97092169523239136,0.23939764499664307,5.12366341354209e-07,0],[1.1962399071308027e-07,-2.6293375867680879e-06,1.0000001192092896,0],[0.45730674266815186,1.4901161193847656e-08,-1.4901161193847656e-08,1.0000002384185791]]],"11":[[[0.95351266860961914,0.2495197057723999,0.16897636651992798,0],[-0.21460364758968353,0.95589154958724976,-0.20053960382938385,0],[-0.21156181395053864,0.15495418012142181,0.96500283479690552,0],[0.14504972100257874,2.9802322387695312e-08,-2.7474015951156616e-08,0.9999997615814209]]],"16":[[[0.97388023138046265,0.15962524712085724,0.16148315370082855,0],[-0.15266449749469757,0.98676252365112305,-0.054712872952222824,0],[-0.16807906329631805,0.028631117194890976,0.98535776138305664,0],[-0.14504918456077576,-5.9604644775390625e-08,1.862645149230957e-08,0.9999997615814209]]],"4":[[[0.92815244197845459,-0.37219995260238647,5.9088466741741286e-07,0],[0.37219992280006409,0.92815250158309937,-2.7317236117596622e-07,0],[-4.044881052323035e-07,5.0280414143344387e-07,0.99999